LAGMAX 48
B 1000
SEED 20260606
N 2400
X 0 4.348 7.534 1.458 5.32 9.02 2.458 5.834
+ 10.048 3 6.89 0.518 4.084 8.488 1.63 5.71
+ 9.628 3.284 6.878 10.31 3.48 7.588 1.434 5.218
+ 8.84 2.2 5.498 9.634 3.508 6.32 10.97 4.358
+ 7.684 1.748 4.75 8.59 2.168 5.684 10.038 3.13
+ 7.16 0.928 4.634 8.178 1.46 5.68 8.738 2.534
+ 6.268 9.84 4.15 7.398 1.384 4.308 8.07 1.57
+ 6.008 9.284 3.298 6.25 10.04 3.568 8.034 1.238
+ 5.38 8.36 2.078 5.734 9.228 3.46 6.63 0.538
+ 4.384 8.068 1.49 4.85 9.048 2.984 5.858 9.57
+ 4.02 7.408 0.534 4.598 8.5 2.14 5.718 9.134
+ 3.288 6.38 10.31 3.978 7.584 0.928 5.21 8.33
+ 2.188 5.984 9.618 2.99 7.3 0.348 4.334 8.158
+ 1.72 5.22 8.558 2.634 6.648 9.5 3.09 7.618
+ 0.884 4.088 8.13 1.91 5.628 9.184 2.478 6.71
+ 9.78 3.588 7.334 0.818 5.24 8.5 2.498 5.434
+ 9.208 2.72 7.17 10.458 4.484 7.448 1.15 4.79
+ 9.268 2.484 5.638 9.63 3.36 7.028 0.434 4.778
+ 7.96 1.88 5.738 9.434 2.868 6.24 10.45 3.398
+ 7.284 0.908 4.47 8.87 2.008 6.084 8.998 2.65
+ 6.24 10.668 3.834 7.938 1.78 4.56 9.178 2.534
+ 5.828 9.96 2.83 6.638 0.184 4.668 7.99 2.05
+ 5.048 8.884 2.458 5.97 10.32 3.408 7.434 1.198
+ 4.9 8.44 1.718 5.934 8.988 2.78 6.51 10.078
+ 4.384 7.628 1.61 4.53 8.288 1.784 6.218 9.49
+ 3.5 6.448 0.134 3.758 8.22 1.42 5.558 8.534
+ 2.248 5.9 10.39 3.618 6.784 0.688 4.53 8.21
+ 1.628 5.984 9.178 3.11 6.98 10.688 4.134 7.518
+ 0.64 4.7 8.598 2.234 5.808 9.22 3.37 6.458
+ 10.384 4.048 7.65 0.99 5.268 8.384 2.238 6.03
+ 9.66 3.028 7.334 0.378 4.36 8.18 1.738 5.234
+ 9.568 2.64 6.65 10.498 4.084 7.608 0.87 5.07
+ 8.108 1.884 5.598 9.15 3.44 6.668 10.734 3.538
+ 7.28 1.76 5.178 8.434 2.428 6.36 10.13 3.638
+ 7.084 0.268 4.39 8.35 2.048 5.684 9.158 2.37
+ 6.52 9.508 3.234 6.898 1.3 4.64 7.818 1.734
+ 5.588 9.28 2.71 7.078 10.284 4.228 7.11 0.73
+ 5.288 8.684 1.818 5.89 9.8 3.448 7.034 0.358
+ 4.62 7.72 1.558 5.334 8.948 2.3 6.59 9.718
+ 3.584 7.388 0.93 4.41 7.728 1.784 5.778 9.61
+ 3.18 6.688 10.034 4.118 7.14 0.9 4.598 8.134
+ 2.408 5.62 9.67 3.458 7.184 10.748 4.05 8.29
+ 1.268 5.184 8.938 2.43 5.86 10.128 3.134 7.078
+ 0.76 4.38 7.838 2.034 5.168 9.14 2.85 6.498
+ 9.984 3.208 7.37 1.27 5.108 8.784 2.198 5.55
+ 9.74 2.668 6.534 10.238 3.68 8.06 1.178 5.234
+ 9.128 2.76 6.33 9.738 2.884 6.968 0.79 4.55
+ 8.148 1.484 5.758 8.87 2.72 6.508 10.134 3.498
+ 6.8 0.84 4.818 8.634 2.188 5.68 9.01 3.078
+ 7.084 9.928 3.51 8.03 1.288 4.484 8.518 2.29
+ 6 9.548 2.834 7.058 0.02 3.92 7.658 1.134
+ 5.548 8.8 2.79 5.718 9.484 3.988 7.43 0.61
+ 4.728 8.684 1.378 5.01 9.48 2.688 6.834 9.818
+ 3.54 7.2 1.598 4.934 8.108 2.02 5.87 9.558
+ 2.984 6.348 10.55 4.49 7.368 0.984 5.538 8.93
+ 2.06 6.128 10.034 3.678 7.26 0.58 4.838 7.934
+ 1.768 5.54 9.15 2.498 6.784 9.908 3.77 7.57
+ 1.108 4.584 8.898 1.95 5.94 9.768 3.334 6.838
+ 10.18 4.26 7.278 1.034 4.728 8.26 2.53 5.738
+ 9.784 3.568 7.29 0.75 4.148 8.384 1.358 5.27
+ 9.02 2.508 5.934 10.198 3.2 7.14 0.818 4.434
+ 7.888 2.08 5.21 9.178 2.884 6.528 10.01 4.23
+ 7.388 1.284 5.118 8.79 2.2 5.548 9.734 3.658
+ 6.52 0.12 4.658 8.034 1.148 5.2 9.09 2.718
+ 6.284 9.688 3.83 6.91 0.728 4.484 8.078 1.41
+ 5.68 8.788 2.634 6.418 10.04 3.4 7.698 0.734
+ 4.708 8.52 2.07 5.558 9.884 2.948 6.95 10.79
+ 4.368 7.884 1.138 5.33 8.36 2.128 5.834 9.378
+ 3.66 6.88 0.838 4.734 8.468 1.94 5.35 9.598
+ 2.584 6.508 10.27 3.77 7.208 1.384 4.498 8.45
+ 2.14 5.768 9.234 3.438 6.58 10.56 4.278 7.934
+ 1.328 4.66 8.83 2.738 5.584 9.268 3.69 7.05
+ 0.148 4.184 8.058 1.67 5.22 8.608 2.734 6.798
+ 9.7 3.34 6.918 1.234 4.488 8.58 1.41 5.178
+ 9.784 3.128 6.41 10.53 4.388 7.184 0.718 5.19
+ 8.5 2.548 5.534 9.358 2.92 6.42 0.658 3.834
+ 7.848 1.6 5.29 8.818 2.084 6.288 10.33 3.11
+ 6.828 1.284 4.678 7.91 1.88 5.788 9.534 3.018
+ 6.44 9.7 3.698 7.634 1.308 4.92 8.37 2.558
+ 5.684 9.648 3.35 6.99 10.468 3.684 7.838 1.73
+ 5.56 9.228 2.634 5.978 10.16 3.08 6.938 0.534
+ 4.068 8.44 1.55 5.598 9.484 3.108 6.67 10.07
+ 3.208 7.284 1.098 4.85 8.44 1.768 6.034 9.138
+ 2.98 6.76 10.378 3.734 8.028 1.06 5.03 8.838
+ 2.384 5.868 10.19 3.25 7.248 0.984 4.658 8.17
+ 1.42 5.608 8.634 2.398 6.1 9.64 3.918 7.134
+ 1.088 4.98 8.71 2.178 5.584 8.828 2.81 6.73
+ 10.488 3.984 7.418 1.59 4.7 8.648 2.334 5.958
+ 9.42 3.62 6.758 0.634 4.448 8.1 1.49 4.818
+ 8.984 2.888 5.73 9.41 3.828 7.184 1.278 4.31
+ 8.18 1.788 5.334 8.718 2.84 6.9 9.798 3.434
+ 7.008 1.32 4.57 8.658 2.484 6.248 9.85 3.19
+ 6.468 10.584 4.438 8.23 1.76 5.228 8.534 2.578
+ 6.56 9.38 2.938 7.434 0.668 4.84 7.85 1.598
+ 5.284 8.808 3.07 6.27 10.308 4.084 7.798 1.25
+ 4.64 8.868 1.834 5.738 9.48 2.96 6.378 10.634
+ 3.628 7.56 1.23 4.838 8.284 2.468 5.59 9.55
+ 3.248 6.884 0.258 4.57 7.72 1.608 5.434 9.098
+ 2.5 5.84 10.018 3.934 7.788 1.38 4.91 8.278
+ 2.384 5.428 9.31 2.93 6.488 9.884 4.018 8.09
+ 0.9 4.648 8.234 2.558 5.82 9.92 2.758 6.534
+ 0.048 4.5 7.79 1.818 4.784 8.588 2.13 6.61
+ 9.928 3.984 6.978 0.71 4.38 7.888 2.134 5.318
+ 9.34 3.1 6.798 10.334 3.608 7.82 0.77 4.658
+ 8.384 1.848 6.25 9.49 3.468 6.384 10.138 3.63
+ 8.06 1.228 5.334 9.278 1.96 6.58 10.038 3.234
+ 7.368 0.24 4.05 7.698 2.084 5.408 9.57 2.47
+ 6.308 9.984 3.398 7.75 0.84 4.868 8.734 2.338
+ 5.88 9.26 3.378 6.434 10.328 3.96 7.53 0.838
+ 5.084 9.168 1.99 5.75 9.348 3.684 6.958 0.97
+ 3.92 7.708 1.234 5.698 9 3.04 6.018 9.834
+ 3.388 6.88 1.11 4.278 8.284 2.028 5.71 9.23
+ 2.488 6.684 10.718 3.49 7.2 1.648 5.034 8.258
+ 2.22 6.12 9.858 3.334 6.748 0.9 3.99 7.918
+ 1.584 5.188 8.63 2.81 5.928 9.884 3.578 7.21
+ 0.58 4.888 8.034 1.918 5.74 9.4 2.798 6.134
+ 10.308 4.22 7.07 0.658 5.184 8.548 1.65 5.69
+ 9.568 3.184 6.738 10.13 4.26 7.328 1.134 4.878
+ 8.46 2.78 6.038 10.134 2.968 6.74 0.25 4.698
+ 7.984 2.008 4.97 8.77 2.308 6.784 10.098 4.15
+ 7.14 0.868 4.534 8.038 2.28 5.46 9.478 3.234
+ 6.928 10.46 3.73 7.938 0.884 4.768 8.49 1.95
+ 6.348 9.584 3.558 7.47 0.12 4.708 8.134 1.298
+ 5.4 9.34 3.018 6.634 10.088 3.28 7.41 1.278
+ 5.084 8.728 2.11 5.43 9.588 2.484 6.318 9.99
+ 3.4 7.748 0.834 4.858 8.72 2.32 5.858 9.234
+ 3.348 6.4 0.19 3.918 7.484 1.788 5.03 9.11
+ 2.928 6.684 10.278 3.61 6.88 0.888 4.834 8.618
+ 2.14 5.6 8.898 2.934 6.908 9.72 4.27 7.758
+ 0.984 5.148 8.15 1.89 5.568 9.084 3.338 6.53
+ 10.56 4.328 8.034 1.478 4.86 9.08 2.038 5.934
+ 9.668 3.14 7.55 0.698 4.784 7.708 1.37 4.97
+ 9.408 2.584 6.698 9.65 3.34 6.968 1.334 4.638
+ 8.78 1.66 5.478 9.134 2.528 6.86 10.03 3.938
+ 7.784 1.368 4.89 8.25 2.348 6.384 9.258 2.87
+ 7.42 0.708 3.934 7.998 1.8 5.54 9.118 2.434
+ 6.688 9.78 3.61 7.378 0.884 4.328 8.61 1.63
+ 5.588 9.384 2.918 6.39 10.7 3.748 7.734 1.458
+ 5.12 8.62 1.858 6.034 10.048 2.8 6.49 0.918
+ 4.284 7.488 1.43 5.31 9.028 2.484 5.878 10.11
+ 3.08 6.988 0.634 4.218 8.64 1.8 5.898 8.834
+ 2.508 6.12 10.57 3.758 7.884 0.748 4.55 8.19
+ 2.568 5.884 9.038 2.93 6.76 10.428 3.834 8.178
+ 1.26 5.28 9.138 2.734 6.268 9.64 3.75 6.798
+ 0.584 4.308 7.87 2.17 5.408 9.484 2.298 6.05
+ 9.64 3.968 7.234 1.238 5.18 7.96 2.478 5.934
+ 9.228 3.26 6.23 10.038 3.584 8.068 1.29 5.45
+ 8.448 2.184 5.858 9.37 3.62 6.808 0.734 4.598
+ 8.3 1.74 5.118 9.334 2.288 6.18 9.91 3.378
+ 7.784 0.928 5.01 7.93 1.588 5.184 9.618 2.79
+ 6.9 9.848 3.534 7.158 1.52 4.82 8.958 1.834
+ 5.648 9.3 3.69 7.018 0.084 4.088 7.93 1.51
+ 5.028 9.384 2.478 6.51 10.38 3.988 7.534 0.818
+ 4.04 8.1 1.898 5.634 9.208 2.52 6.77 9.858
+ 3.684 7.448 0.95 4.39 8.668 1.684 5.638 9.43
+ 2.96 6.428 10.734 3.778 7.76 1.48 5.138 8.634
+ 2.868 6.04 10.05 3.798 7.484 0.908 4.27 8.47
+ 1.408 5.284 8.998 2.45 6.84 10.068 4.034 6.938
+ 0.58 5.16 8.578 1.734 5.828 9.76 3.43 7.038
+ 10.484 3.668 7.79 1.65 5.448 9.084 2.458 5.77
+ 9.92 2.808 6.634 0.198 4.7 8.04 1.118 5.134
+ 8.988 2.58 6.11 10.478 3.584 7.628 0.41 4.13
+ 8.688 1.984 5.218 9.29 3.1 6.848 10.434 3.758
+ 8.02 1.02 4.958 8.734 2.248 5.7 9.99 3.018
+ 6.984 0.688 4.33 7.81 1.028 5.184 9.178 2.91
+ 6.58 10.088 3.334 7.518 0.44 4.3 7.998 1.434
+ 5.808 9.02 2.97 6.858 10.584 4.048 7.45 1.59
+ 4.668 8.584 2.238 5.83 9.26 3.428 6.534 10.478
+ 4.16 7.78 1.138 5.434 8.568 2.44 6.25 9.898
+ 3.284 6.608 0.67 4.67 8.508 2.084 5.598 8.95
+ 3.04 6.068 9.934 3.538 7.08 1.36 4.578 8.634
+ 2.428 6.16 9.73 3.038 6.284 10.368 4.19 7.95
+ 1.448 4.884 9.158 2.17 6.12 9.908 3.434 6.898
+ 0.1 4.24 8.218 1.934 5.588 9.08 2.31 6.478
+ 10.484 3.228 6.91 1.33 4.688 7.884 1.818 5.69
+ 9.4 2.848 6.234 10.458 3.42 7.32 0.958 4.534
+ 8.948 2.1 6.19 9.118 2.784 7.388 0.73 4.01
+ 8.128 1.984 4.778 8.41 2.78 6.088 10.234 3.118
+ 6.94 0.5 4.998 8.334 1.408 5.42 9.27 2.858
+ 6.384 9.748 3.85 7.89 0.668 4.384 8.938 2.23
+ 5.46 9.528 3.334 7.078 10.66 3.98 8.238 1.234
+ 5.168 8.94 2.45 5.898 10.184 3.208 7.17 0.87
+ 4.508 7.984 2.198 5.35 9.34 3.068 6.734 10.238
+ 3.48 7.66 0.578 4.434 8.128 1.56 5.93 9.138
+ 3.084 6.968 10.69 4.15 7.548 1.684 4.758 8.67
+ 2.32 5.908 9.334 3.498 6.6 0.44 4.218 7.834
+ 1.188 5.48 8.61 2.478 6.284 9.928 3.31 7.63
+ 0.688 4.684 8.518 2.09 5.6 8.948 3.034 7.058
+ 9.92 3.52 8.058 1.334 4.548 8.6 2.39 6.118
+ 9.684 2.988 7.23 0.21 4.128 7.884 1.378 4.81
+ 9.08 2.088 6.034 9.818 3.34 6.8 0.998 4.134
+ 8.108 1.82 5.47 8.958 3.184 6.348 10.35 4.09
+ 7.768 1.184 4.538 8.73 1.66 5.528 9.234 2.678
+ 7.06 10.28 4.238 8.134 1.768 5.34 8.75 2.898
+ 5.984 9.908 3.57 7.17 0.508 4.784 7.898 1.75
+ 5.54 9.168 2.534 6.838 9.98 3.86 7.678 1.234
+ 4.728 8.06 2.13 6.138 8.984 2.568 7.09 10.45
+ 3.548 7.584 1.358 5.07 8.62 1.908 6.134 10.198
+ 3 6.74 0.218 4.634 7.888 1.88 4.81 8.578
+ 3.084 6.528 9.81 3.83 7.788 0.484 4.118 8.59
+ 1.8 5.948 8.934 2.658 6.32 9.82 4.058 7.234
+ 1.148 5 8.69 2.118 5.484 9.688 3.63 6.51
+ 0.128 4.684 8.078 1.21 5.28 9.188 2.834 6.418
+ 9.84 3 7.098 0.934 4.708 8.32 1.67 5.958
+ 9.084 2.948 6.75 10.39 3.768 7.084 1.138 5.13
+ 8.96 2.528 6.034 9.378 3.46 6.48 10.338 3.934
+ 7.468 1.74 4.95 8.998 2.784 6.508 10.07 3.37
+ 6.608 0.584 4.498 8.25 1.74 5.168 9.434 2.438
+ 6.38 10.16 3.678 7.134 1.328 4.46 8.43 2.138
+ 5.784 9.268 3.49 6.65 10.648 4.384 8.058 1.47
+ 4.82 9.008 1.934 5.798 9.5 2.94 7.318 0.434
+ 4.488 8.38 2.01 5.578 8.984 2.128 6.21 10.13
+ 3.788 7.384 0.718 4.99 8.1 1.948 5.734 9.358
+ 2.72 7.02 10.158 4.034 7.848 1.4 4.89 8.218
+ 2.284 6.288 9.13 2.71 7.228 0.484 4.678 7.71
+ 1.48 5.188 8.734 2.018 6.24 10.3 3.098 6.834
+ 0.308 4.72 7.97 1.958 5.884 9.648 3.15 6.59
+ 9.868 3.884 7.838 1.53 5.16 8.628 1.834 5.978
+ 9.96 2.68 6.338 10.834 4.068 8.24 1.15 4.998
+ 8.684 2.108 6.47 9.67 3.608 7.484 1.098 4.65
+ 8.04 2.168 5.234 9.138 2.78 6.36 9.778 3.934
+ 7.028 0.86 4.63 8.238 1.584 5.868 8.99 2.85
+ 6.648 10.284 3.658 7.97 1.02 5.008 8.834 2.398
+ 5.9 9.24 3.318 7.334 1.088 4.78 8.31 1.578
+ 5.784 8.828 2.61 6.33 9.888 3.184 7.418 1.39
+ 4.3 8.048 1.534 5.958 9.22 3.22 6.158 9.934
+ 3.448 7.9 1.09 5.218 8.184 1.888 5.53 10.01
+ 3.228 7.384 0.278 4.11 7.78 1.188 5.534 8.718
+ 2.64 6.5 10.198 3.634 7.008 1.12 4.17 8.058
+ 1.684 5.248 9.65 2.79 6.868 9.784 3.438 7.03
+ 1.36 4.628 8.734 2.578 5.36 9.98 3.338 6.634
+ 10.768 3.64 7.45 0.998 5.484 8.808 2.87 5.87
+ 9.708 3.284 6.798 1.05 4.24 8.268 2.034 5.738
+ 9.28 2.56 6.778 9.834 3.628 7.36 0.83 4.238
+ 8.484 2.468 5.39 9.15 2.648 7.084 10.358 4.37
+ 7.32 1.008 4.634 9.098 2.3 6.44 9.418 3.134
+ 6.788 0.18 4.51 7.678 1.584 5.428 9.11 2.53
+ 5.888 10.084 4.018 6.89 0.5 5.048 8.434 1.558
+ 5.62 9.52 3.158 6.734 10.148 4.3 7.39 1.218
+ 4.984 8.588 1.93 6.21 9.328 3.184 6.978 0.51
+ 3.98 8.288 1.334 5.318 9.14 2.7 6.198 9.534
+ 3.608 7.62 0.37 4.058 8.584 1.848 5.05 9.09
+ 2.868 6.584 10.138 3.43 7.66 0.628 4.534 8.278
+ 1.76 6.18 9.438 3.434 6.368 10.14 3.65 8.098
+ 1.284 5.408 8.37 2.07 5.708 10.184 3.398 7.55
+ 0.44 4.268 7.934 1.338 5.68 8.86 2.778 6.634
+ 10.328 3.76 7.13 1.238 4.284 8.168 1.79 5.35
+ 9.748 2.884 6.958 10.87 3.52 8.108 1.434 4.698
+ 8.8 2.64 6.418 10.034 3.388 6.68 0.71 4.678
+ 8.484 2.028 5.51 8.83 2.888 5.884 9.718 3.29
+ 6.8 1.048 4.234 8.258 2.02 5.72 9.258 2.534
+ 6.748 9.8 3.59 7.318 0.784 5.188 8.43 2.41
+ 6.328 10.084 3.578 7.01 0.18 4.288 8.234 1.918
+ 5.54 9 2.198 6.334 10.308 3.02 7.67 1.058
+ 4.384 8.548 1.45 5.29 8.968 2.384 6.738 9.93
+ 3.86 7.728 1.334 4.878 8.26 2.38 5.438 9.334
+ 2.968 6.54 10.95 4.098 8.184 1.008 4.77 8.37
+ 2.708 5.984 10.098 2.95 6.74 0.268 4.734 8.038
+ 2.08 5.06 8.878 2.434 5.928 10.26 3.33 7.338
+ 1.084 4.768 8.29 1.55 5.748 9.784 2.558 6.27
+ 10.82 4.108 7.334 1.298 5.2 8.94 2.418 5.834
+ 10.088 3.08 7.01 0.678 4.284 7.728 1.91 5.03
+ 8.988 2.684 6.318 9.79 4 7.148 1.034 4.858
+ 8.52 1.92 5.258 9.434 3.348 6.2 9.89 4.318
+ 7.684 0.788 4.83 8.71 2.328 5.884 9.278 3.41
+ 6.48 0.288 4.034 7.618 1.94 5.2 9.298 2.134
+ 5.908 9.52 3.87 7.158 1.184 4.148 7.95 1.49
+ 5.968 9.284 2.338 6.33 10.16 3.728 7.234 1.478
+ 4.66 8.68 2.438 6.134 9.668 2.94 7.15 10.198
+ 3.984 7.708 1.17 5.57 8.808 2.784 5.698 9.45
+ 2.94 7.368 0.534 4.638 8.58 1.26 5.878 9.334
+ 2.528 6.66 9.63 3.338 6.984 1.368 4.69 8.85
+ 1.748 5.584 9.258 2.67 7.02 10.208 4.134 7.998
+ 1.6 5.14 8.518 2.634 5.688 9.58 3.21 6.778
+ 1.084 4.328 8.41 1.23 4.988 8.584 2.918 6.19
+ 10.3 3.148 6.934 0.458 4.92 8.22 2.258 5.234
+ 9.048 2.6 7.09 10.418 3.484 7.488 1.23 4.91
+ 8.428 2.684 5.878 9.91 3.68 7.388 0.834 4.218
+ 7.44 1.4 5.298 9.034 2.508 5.92 10.17 3.158
+ 7.084 0.748 4.35 7.79 1.968 5.084 9.038 2.73
+ 6.36 9.828 4.034 7.178 1.06 4.88 8.538 1.934
+ 6.268 9.44 3.35 7.198 10.884 4.308 7.67 1.77
+ 4.808 8.684 2.298 5.85 10.24 3.368 7.434 0.238
+ 3.98 8.56 1.878 5.134 9.228 3.06 6.83 10.438
+ 3.784 7.068 1.09 5.05 8.848 2.384 5.858 9.17
+ 3.22 6.208 10.034 3.598 8.1 1.34 4.518 8.534
+ 2.288 5.98 9.51 3.778 6.984 0.928 3.81 7.53
+ 1.988 5.384 8.618 2.59 6.5 10.248 3.734 7.158
+ 1.32 4.42 8.358 2.034 5.648 9.1 3.29 6.418
+ 10.384 4.088 7.73 1.11 4.428 8.584 2.478 6.31
+ 9.98 3.388 6.734 0.818 3.84 7.7 1.298 4.834
+ 9.208 2.32 6.37 10.258 3.884 7.448 0.75 4.99
+ 8.068 1.884 5.638 9.23 2.56 6.828 9.934 3.778
+ 7.56 1.08 4.538 8.834 1.868 5.84 9.65 3.198
+ 6.684 10.008 4.07 8.07 1.808 5.484 8.998 2.25
+ 6.44 9.468 3.234 6.938 0.38 4.76 7.978 1.934
+ 5.828 9.56 3.03 6.438 9.684 3.668 7.59 1.25
+ 4.848 8.284 2.458 5.57 9.52 3.208 6.834 10.298
+ 3.5 7.64 1.518 5.334 8.988 2.38 5.71 9.878
+ 3.784 6.628 0.21 4.73 8.088 1.184 5.218 9.09
Y 1.837 8.085 3.471 9.395 5.457 11.057 6.795 12.071
+ 8.485 13.437 9.527 5.455 10.921 6.525 12.667 7.947
+ 13.765 9.721 15.215 4.647 9.817 6.125 1.271 6.955
+ 2.777 9.137 4.635 10.671 5.845 11.557 7.407 12.795
+ 9.321 4.685 10.587 6.627 12.205 7.921 13.175 9.567
+ 15.497 10.565 16.171 5.715 1.297 6.417 2.675 8.471
+ 4.405 9.877 5.487 11.635 6.921 12.745 8.707 4.507
+ 9.845 6.321 11.335 7.487 13.177 9.005 14.371 10.875
+ 15.917 12.097 8.115 6.471 2.165 8.397 3.767 9.675
+ 5.721 11.305 7.027 12.287 8.685 3.921 9.695 5.607
+ 11.057 7.645 12.771 9.035 13.837 9.777 16.255 11.871
+ 7.325 13.317 9.447 7.915 3.721 9.065 4.547 10.567
+ 6.725 2.721 8.255 3.927 9.137 5.485 11.371 6.395
+ 11.957 8.657 13.895 10.271 5.485 11.237 7.127 12.555
+ 9.121 14.225 10.467 9.047 4.965 10.421 6.015 1.447
+ 7.417 3.525 9.171 4.955 10.277 6.737 11.735 7.871
+ 13.545 9.357 5.007 11.195 6.521 12.385 8.387 13.927
+ 9.605 15.821 11.175 9.867 5.897 1.765 7.171 2.715
+ 8.797 4.017 9.775 5.671 11.105 7.677 12.787 9.035
+ 5.121 10.745 6.507 11.807 8.245 13.221 9.335 14.987
+ 10.777 16.105 12.571 0.675 6.517 2.497 8.015 3.671
+ 9.865 5.197 11.067 7.075 12.621 8.305 4.827 9.887
+ 6.085 11.821 7.695 13.107 8.657 14.745 10.971 15.735
+ 11.637 8.377 13.655 1.871 7.825 3.917 9.547 5.315
+ 10.621 7.065 2.347 8.167 4.125 9.621 5.255 11.427
+ 6.737 12.585 8.571 14.095 9.757 6.257 11.295 7.471
+ 13.185 9.037 14.427 3.755 8.821 5.025 10.767 6.647
+ 2.365 7.621 4.015 8.947 5.017 10.625 6.371 12.655
+ 8.077 14.037 10.135 6.071 11.545 7.157 12.307 8.595
+ 14.421 10.385 15.887 4.327 9.505 5.821 1.975 7.667
+ 3.497 8.865 4.371 10.415 6.597 12.317 8.175 13.571
+ 9.105 5.477 10.387 6.435 12.021 7.745 14.007 9.407
+ 15.345 11.421 17.035 5.587 1.177 7.305 2.571 8.375
+ 4.317 9.797 5.415 11.571 7.865 12.697 8.667 4.475
+ 10.821 6.305 12.327 7.487 13.185 9.021 15.395 10.907
+ 15.957 12.145 8.171 6.535 2.237 8.477 3.855 9.771
+ 5.825 11.417 7.147 2.715 8.821 4.065 9.847 5.767
+ 11.225 7.821 12.955 9.227 14.037 9.985 6.771 12.095
+ 7.557 13.557 9.695 8.171 3.985 9.337 4.827 10.855
+ 7.021 2.025 8.567 4.247 9.465 5.821 10.715 6.747
+ 12.317 8.025 14.271 9.655 5.877 11.637 7.535 12.971
+ 8.545 14.657 9.907 8.495 4.421 9.885 6.487 1.927
+ 7.905 4.021 9.675 5.467 10.797 6.265 12.271 8.415
+ 14.097 9.917 5.575 10.771 7.105 12.977 8.987 14.535
+ 10.221 15.445 11.807 9.507 5.545 1.421 6.835 3.387
+ 8.477 4.705 10.471 6.375 11.817 7.397 13.515 8.771
+ 4.865 10.497 6.267 12.575 8.021 14.005 9.127 14.787
+ 11.585 16.921 12.395 1.507 7.357 2.345 8.871 4.535
+ 9.737 6.077 10.955 6.971 2.825 9.217 4.747 9.815
+ 6.021 11.765 7.647 13.067 9.625 14.721 10.955 7.027
+ 12.637 8.385 13.671 2.895 7.857 3.957 9.595 5.371
+ 10.685 7.137 2.427 8.255 4.221 9.725 5.367 11.547
+ 6.865 12.721 8.715 14.247 9.917 6.425 11.471 7.655
+ 13.377 9.237 14.635 3.971 9.045 5.257 11.007 6.895
+ 2.621 7.885 4.287 9.227 5.305 10.921 6.675 12.967
+ 8.397 14.365 9.471 5.415 11.897 7.517 12.675 8.971
+ 14.805 10.777 16.287 4.735 9.921 6.245 2.407 7.107
+ 3.945 9.321 4.835 10.887 6.077 11.805 7.671 14.075
+ 9.617 4.997 10.915 6.971 12.565 8.297 13.567 9.975
+ 15.921 11.005 16.627 6.187 1.785 6.921 3.195 9.007
+ 4.957 10.445 6.071 11.235 7.537 3.677 9.355 5.171
+ 10.525 6.017 12.047 8.215 13.921 9.765 15.147 10.667
+ 7.025 12.921 7.955 6.327 3.037 8.285 4.671 9.595
+ 5.657 11.257 6.995 3.571 8.685 4.937 9.727 5.655
+ 12.121 7.725 12.867 9.147 14.965 10.921 6.715 12.047
+ 7.517 13.525 9.671 8.155 3.977 9.337 4.835 10.871
+ 7.045 3.057 8.607 4.295 9.521 5.885 11.787 6.827
+ 12.405 9.121 14.375 9.767 5.997 11.765 7.671 13.115
+ 8.697 14.817 11.075 8.671 4.605 10.077 6.687 2.135
+ 8.121 4.245 8.907 5.707 11.045 6.521 12.535 8.687
+ 14.377 10.205 5.871 11.075 7.417 13.297 8.315 13.871
+ 10.565 15.797 12.167 9.875 5.921 1.805 7.227 3.787
+ 8.885 5.121 10.895 6.807 12.257 7.845 4.271 9.235
+ 5.337 10.977 6.755 12.071 8.525 13.517 9.647 15.315
+ 11.121 6.765 12.947 1.067 6.925 2.921 8.455 4.127
+ 10.337 5.685 11.571 7.595 3.457 8.857 5.395 10.471
+ 6.685 12.437 8.327 13.755 9.321 15.425 10.667 6.747
+ 12.365 8.121 13.415 2.647 8.617 3.725 9.371 5.155
+ 11.477 6.937 3.235 9.071 4.045 10.557 6.207 11.395
+ 7.721 13.585 8.587 14.127 10.805 6.321 12.375 7.567
+ 13.297 9.165 14.571 3.915 8.997 5.217 10.975 6.871
+ 2.605 7.877 4.287 9.235 5.321 10.945 6.707 13.007
+ 8.445 14.421 10.535 6.487 11.977 7.605 12.771 9.075
+ 14.917 10.897 16.415 4.871 10.065 6.397 2.567 8.275
+ 4.121 9.505 5.027 11.087 6.285 12.021 7.895 3.607
+ 9.857 5.245 11.171 7.235 12.837 8.577 13.855 10.271
+ 15.225 11.317 7.247 5.515 2.121 7.265 3.547 9.367
+ 4.325 10.821 6.455 11.627 7.937 4.085 9.771 5.595
+ 10.957 6.457 12.495 8.671 13.385 9.237 15.627 11.155
+ 7.521 12.425 8.467 6.847 2.565 8.821 4.215 10.147
+ 6.217 11.825 7.571 3.155 9.277 4.537 10.335 6.271
+ 11.745 7.357 13.507 9.795 14.621 10.585 6.387 12.727
+ 8.205 14.221 9.375 7.867 3.697 10.065 5.571 10.615
+ 6.797 2.817 8.375 4.071 10.305 5.677 11.587 7.635
+ 13.221 8.945 14.207 10.607 5.845 11.621 7.535 12.987
+ 9.577 14.705 10.971 9.575 5.517 10.997 6.615 2.071
+ 8.065 4.197 9.867 5.675 11.021 6.505 12.527 8.687
+ 4.685 10.221 5.895 11.107 7.457 13.345 9.371 14.935
+ 10.637 15.877 12.255 0.271 6.025 1.917 7.347 3.915
+ 9.021 5.265 11.047 6.967 12.425 8.021 4.455 9.427
+ 5.537 11.185 6.971 12.295 8.757 13.757 9.895 15.571
+ 11.385 7.037 13.227 1.355 7.221 3.225 8.767 4.447
+ 10.665 6.021 11.915 7.947 3.817 9.225 4.771 10.855
+ 7.077 11.837 7.735 14.171 9.745 14.857 11.107 7.195
+ 12.821 8.585 13.887 3.127 8.105 4.221 9.875 5.667
+ 10.997 7.465 2.771 8.615 4.597 10.117 5.775 11.971
+ 7.305 13.177 9.187 14.735 10.421 6.945 12.007 8.207
+ 13.945 9.821 15.235 3.587 9.677 4.905 10.671 6.575
+ 2.317 8.597 4.015 9.971 6.065 11.697 7.467 12.775
+ 9.221 4.505 10.327 6.287 11.785 7.421 13.595 8.907
+ 14.757 10.745 16.271 4.735 1.237 6.277 2.455 8.171
+ 4.025 9.417 4.947 11.015 7.221 12.965 8.847 4.567
+ 9.825 6.221 11.155 7.227 12.837 8.585 14.871 10.295
+ 16.257 11.357 7.295 6.571 2.185 7.337 3.627 9.455
+ 5.421 10.925 6.567 11.747 8.065 4.221 9.915 5.747
+ 11.117 6.625 12.671 8.855 13.577 9.437 15.835 11.371
+ 7.745 12.657 8.707 7.095 2.821 9.085 4.487 10.427
+ 6.505 12.121 7.875 3.467 9.597 4.865 10.671 6.615
+ 12.097 7.717 13.875 9.171 15.005 10.977 6.787 12.135
+ 8.621 13.645 9.807 8.307 4.145 9.521 6.035 11.087
+ 7.277 3.305 8.871 4.575 9.817 6.197 12.115 7.171
+ 12.765 9.497 5.067 10.175 6.421 12.205 8.127 13.587
+ 9.185 15.321 10.595 9.207 5.157 0.945 7.271 2.735
+ 8.737 3.877 9.555 5.371 11.725 7.217 13.247 8.415
+ 4.421 9.965 5.647 11.867 7.225 13.121 9.155 14.727
+ 10.437 16.685 12.071 1.095 6.857 2.757 8.195 3.771
+ 9.885 5.137 10.927 6.855 12.321 7.925 4.367 9.347
+ 5.465 11.121 6.915 13.247 8.717 14.725 9.871 15.555
+ 11.377 8.037 13.235 2.371 7.245 3.257 8.807 4.495
+ 10.721 6.085 11.987 8.027 3.905 9.321 4.875 10.967
+ 7.197 11.965 7.871 14.315 9.897 15.017 11.275 7.371
+ 13.005 8.777 14.087 3.335 8.321 4.445 10.107 5.907
+ 11.245 7.721 3.035 8.887 4.877 10.405 6.071 12.275
+ 7.617 13.497 9.515 5.371 10.765 7.297 12.367 8.575
+ 14.321 10.205 15.627 3.987 10.085 5.321 1.395 7.007
+ 2.757 9.045 4.471 10.435 5.537 11.177 7.955 13.271
+ 8.725 5.017 10.847 6.815 12.321 7.965 13.147 9.467
+ 15.325 11.321 16.855 5.327 0.837 6.885 3.071 7.795
+ 3.657 10.057 5.595 11.671 6.885 12.637 8.527 4.255
+ 10.521 5.925 11.867 7.947 13.565 9.321 14.615 10.047
+ 16.017 12.125 8.071 6.355 1.977 8.137 3.435 9.271
+ 5.245 10.757 6.407 12.595 7.921 4.085 9.787 5.627
+ 11.005 7.521 12.575 8.767 14.497 10.365 15.771 11.315
+ 7.697 12.617 8.675 7.071 2.805 9.077 4.487 10.435
+ 6.521 12.145 7.907 3.507 9.645 4.921 10.735 6.687
+ 12.177 7.805 13.971 9.275 5.417 11.097 6.915 12.271
+ 8.765 13.797 9.967 8.475 4.321 9.705 6.227 1.587
+ 7.485 3.521 9.095 4.807 10.057 6.445 12.371 7.435
+ 13.037 9.777 5.355 10.471 6.725 12.517 8.447 13.915
+ 9.521 15.665 10.947 9.567 5.525 1.321 6.655 3.127
+ 8.137 4.285 9.971 5.795 11.157 7.657 12.695 8.871
+ 4.885 10.437 6.127 12.355 7.721 13.625 9.667 15.247
+ 10.965 16.221 12.615 0.647 6.417 2.325 7.771 4.355
+ 9.477 5.737 11.535 7.471 12.945 8.557 4.007 9.995
+ 6.121 11.785 7.587 12.927 8.405 14.421 10.575 16.267
+ 12.097 7.765 12.971 2.115 7.997 4.017 9.575 5.271
+ 10.505 6.877 11.787 7.835 3.721 9.145 5.707 10.807
+ 7.045 12.821 8.735 14.187 9.777 6.205 11.171 7.275
+ 12.917 8.697 14.015 3.271 9.265 4.397 10.067 5.875
+ 2.521 7.705 4.027 8.887 4.885 10.421 7.095 12.307
+ 7.657 13.545 9.571 5.435 10.837 7.377 12.455 8.671
+ 14.425 10.317 15.747 4.115 10.221 5.465 1.547 7.167
+ 2.925 9.221 4.655 10.627 5.737 11.385 8.171 13.495
+ 8.957 5.257 11.095 7.071 12.585 8.237 13.427 9.755
+ 15.621 10.625 17.167 5.647 1.165 7.221 2.415 8.147
+ 4.017 9.425 5.971 11.055 7.277 13.037 8.935 4.671
+ 9.945 6.357 11.307 7.395 13.021 8.785 15.087 10.527
+ 16.505 12.621 8.575 6.867 2.497 7.665 3.971 9.815
+ 5.797 11.317 6.975 12.171 8.505 4.677 10.387 6.235
+ 11.621 7.145 13.207 8.407 14.145 10.021 5.735 11.987
+ 7.377 13.305 9.371 7.775 3.517 8.797 5.215 10.171
+ 6.265 2.197 7.667 4.275 9.421 5.705 10.527 6.487
+ 12.985 8.621 13.795 10.107 6.257 10.945 7.771 13.135
+ 8.637 14.677 9.855 8.371 4.225 10.617 6.147 1.515
+ 7.421 3.465 9.047 4.767 11.025 6.421 12.355 8.427
+ 14.037 9.785 5.371 11.495 6.757 12.557 8.495 13.971
+ 9.585 15.737 11.027 9.655 5.621 1.425 6.767 3.247
+ 8.265 4.421 10.115 5.947 11.317 7.825 12.871 9.055
+ 5.077 10.637 6.335 12.571 7.945 13.857 9.907 15.495
+ 11.221 16.485 12.887 0.927 6.705 2.621 8.075 4.667
+ 9.797 6.065 10.871 6.815 13.297 8.917 4.375 10.371
+ 6.505 12.177 7.987 13.335 8.821 14.845 11.007 6.007
+ 12.545 8.221 13.435 2.587 7.477 3.505 9.071 5.775
+ 11.017 6.397 2.615 8.371 4.265 9.697 5.267 11.375
+ 7.621 12.405 8.327 14.787 10.385 5.821 11.795 7.907
+ 13.557 9.345 14.671 2.935 8.937 5.077 10.755 6.571
+ 2.225 7.417 3.747 9.615 5.621 11.165 6.847 12.067
+ 8.425 14.321 9.355 5.227 11.637 7.185 13.271 8.495
+ 14.257 10.157 15.595 4.971 10.085 6.337 1.427 7.055
+ 3.821 9.125 4.567 10.547 6.665 12.321 8.115 13.447
+ 8.917 5.225 11.071 7.055 12.577 8.237 13.435 9.771
+ 15.645 11.657 17.207 5.695 1.221 7.285 3.487 8.227
+ 4.105 10.521 6.075 11.167 7.397 13.165 9.071 4.815
+ 10.097 6.517 12.475 7.571 13.205 8.977 15.287 10.735
+ 7.021 12.845 7.807 7.107 2.745 7.921 4.235 10.087
+ 6.077 11.605 7.271 2.775 8.817 4.997 9.715 5.571
+ 11.965 7.497 13.567 8.775 14.521 10.405 6.127 12.387
+ 7.785 13.721 9.795 8.207 3.957 9.245 5.671 10.635
+ 6.737 2.677 8.155 3.771 9.925 5.217 11.047 7.015
+ 12.521 8.165 14.347 9.667 5.825 11.521 7.355 12.727
+ 9.237 14.285 10.471 8.995 4.857 10.257 6.795 2.171
+ 8.085 4.137 9.727 5.455 10.721 7.125 12.067 8.147
+ 13.765 9.521 5.115 11.247 7.517 12.325 8.271 13.755
+ 10.377 15.537 11.835 10.471 5.445 2.257 7.607 3.095
+ 9.121 5.285 9.987 5.827 12.205 7.721 13.775 8.967
+ 4.997 10.565 6.271 12.515 7.897 13.817 9.875 15.471
+ 11.205 6.777 12.887 0.935 6.721 2.645 8.107 4.707
+ 9.845 6.121 11.935 7.887 3.677 9.005 4.471 10.475
+ 6.617 12.297 8.115 13.471 8.965 14.997 11.167 7.175
+ 12.721 8.405 13.627 2.787 7.685 3.721 9.295 5.007
+ 11.257 6.645 2.871 8.635 4.537 9.977 5.555 11.671
+ 6.925 12.717 8.647 14.115 10.721 6.165 12.147 8.267
+ 12.925 9.721 15.055 3.327 9.337 5.485 11.171 6.995
+ 2.657 7.857 4.195 10.071 5.085 10.637 7.327 12.555
+ 8.921 13.825 9.867 5.747 11.165 7.721 12.815 9.047
+ 14.817 10.725 16.171 4.555 10.677 5.937 2.035 7.671
+ 3.445 8.757 5.207 11.195 6.321 11.985 7.787 14.127
+ 9.605 5.921 10.775 6.767 12.297 8.965 14.171 9.515
+ 15.397 11.417 7.275 5.471 2.005 7.077 3.287 9.035
+ 4.921 10.345 5.907 12.007 7.245 3.321 8.935 4.687
+ 10.977 6.405 12.371 8.475 14.117 9.897 15.215 10.671
+ 6.965 12.797 8.767 7.075 2.721 7.905 4.227 10.087
+ 6.085 11.621 7.295 2.807 8.857 5.045 10.771 6.635
+ 12.037 7.577 13.655 8.871 14.625 10.517 6.247 12.515
+ 7.921 13.865 9.947 8.367 4.125 9.421 5.855 10.827
+ 6.937 2.885 8.371 3.995 10.157 5.457 11.295 7.271
+ 12.785 8.437 14.627 9.955 6.121 11.825 7.667 13.047
+ 9.565 14.621 10.815 9.347 5.217 10.625 6.171 2.555
+ 8.477 3.537 9.135 5.871 11.145 6.557 12.507 8.595
+ 14.221 9.985 5.587 11.727 7.005 12.821 8.775 14.267
+ 9.897 16.065 11.371 0.315 5.997 1.817 7.175 3.671
+ 8.705 4.877 10.587 6.435 11.821 8.345 3.707 9.607
+ 5.645 11.221 6.935 12.187 8.577 13.505 9.571 15.175
+ 10.917 7.497 12.615 1.671 7.465 3.397 8.867 4.475
+ 10.621 5.905 11.727 7.687 3.485 8.821 5.295 10.307
+ 6.457 12.145 7.971 13.335 9.837 14.877 11.055 7.071
+ 12.625 8.317 13.547 2.715 8.621 4.665 10.247 5.967
+ 11.225 7.621 2.855 8.627 4.537 9.985 6.571 11.695
+ 7.957 12.757 8.695 15.171 10.785 6.237 12.227 8.355
+ 14.021 9.825 15.167 3.447 9.465 5.621 11.315 7.147
+ 2.817 8.025 4.371 10.255 5.277 10.837 7.535 12.771
+ 9.145 14.057 10.107 5.995 11.421 7.985 13.087 9.327
+ 15.105 11.021 16.475 4.867 1.297 6.265 2.371 8.015
+ 3.797 9.117 5.575 10.571 6.705 12.377 8.187 3.835
+ 10.021 5.345 11.207 7.207 12.745 8.421 14.635 9.987
+ 15.877 11.905 7.771 5.975 1.517 7.597 3.815 8.571
+ 4.465 10.897 6.467 11.575 7.821 3.905 9.527 5.287
+ 10.585 7.021 11.995 8.107 13.757 9.545 15.871 11.335
+ 7.637 12.477 8.455 6.771 3.425 8.617 4.947 9.815
+ 5.821 11.365 7.047 3.567 8.625 4.821 10.555 6.427
+ 11.837 8.385 13.471 9.695 15.457 11.357 7.095 12.371
+ 8.785 13.737 9.827 8.255 4.021 9.325 5.767 10.747
+ 6.865 2.821 8.315 4.947 10.117 6.425 11.271 7.255
+ 12.777 9.437 14.635 10.971 6.145 11.857 7.707 13.095
+ 9.621 14.685 10.887 9.427 5.305 1.021 6.275 2.667
+ 8.597 3.665 9.271 6.015 11.297 6.717 12.675 8.771
+ 4.705 10.177 5.787 11.935 7.221 13.045 9.007 14.507
+ 10.145 16.321 11.635 0.587 6.277 2.105 7.471 3.975
+ 9.017 5.197 10.915 6.771 12.165 8.697 4.067 9.975
+ 6.021 11.605 7.327 12.587 8.985 13.921 9.995 15.607
+ 11.357 7.945 13.071 2.135 6.937 2.877 9.355 4.971
+ 10.125 6.417 12.247 8.215 4.021 9.365 4.847 10.867
+ 7.025 12.721 8.555 13.927 9.437 15.485 11.671 6.695
+ 12.257 8.957 14.195 3.371 8.285 4.337 9.927 5.655
+ 11.921 7.325 3.567 9.347 5.265 10.721 6.315 11.447
+ 7.717 13.525 9.471 14.955 10.577 7.037 12.035 8.171
+ 13.845 9.657 15.007 4.295 9.321 5.485 1.487 7.027
+ 2.705 8.921 4.275 10.167 6.197 11.765 7.471 12.715
+ 9.097 4.317 10.075 5.971 11.405 7.977 13.087 9.335
+ 15.121 11.045 16.507 4.907 1.345 6.321 2.435 8.087
+ 3.877 9.205 5.671 10.675 6.817 12.497 8.315 3.971
+ 10.165 5.497 11.367 7.375 12.921 8.605 14.827 10.187
+ 16.085 12.121 7.995 6.207 1.757 7.845 4.071 8.835
+ 4.737 11.177 6.755 11.871 8.125 4.217 9.847 5.615
+ 10.921 7.365 12.347 8.467 14.125 9.921 15.255 11.727
+ 7.037 12.885 8.871 7.195 2.857 9.057 4.395 10.271
+ 6.285 11.837 7.527 4.055 9.121 5.325 11.067 6.947
+ 12.365 7.921 14.015 9.247 15.017 10.925 6.671 12.955
+ 8.377 14.337 10.435 8.871 4.645 9.957 5.407 1.695
+ 7.521 3.485 8.987 4.627 9.805 6.121 11.975 7.967
+ 13.497 9.165 4.671 10.715 6.897 12.617 8.475 13.871
+ 9.405 15.477 10.687 9.235 5.121 0.845 7.107 2.507
+ 8.445 4.521 10.135 5.887 11.177 7.605 12.571 8.675
+ 4.617 10.097 5.715 11.871 8.165 12.997 8.967 14.475
+ 11.121 16.305 12.627 0.587 6.285 2.121 8.495 4.007
+ 9.057 5.245 10.971 6.835 12.237 8.777 4.155 10.071
+ 6.125 11.717 7.447 12.715 9.121 14.065 10.147 15.767
+ 11.525 8.121 13.255 2.327 7.137 3.085 9.571 5.195
+ 10.357 6.657 12.495 8.471 4.285 9.637 5.127 11.155
+ 7.321 12.025 8.867 14.247 9.765 15.821 11.015 7.047
+ 12.617 8.325 14.571 2.755 8.677 4.737 10.335 6.071
+ 1.645 7.757 3.007 8.795 4.721 10.185 6.787 11.927
+ 8.205 14.021 9.975 5.767 11.097 6.565 12.571 8.715
+ 14.397 10.217 15.575 3.871 9.905 6.077 2.087 7.635
+ 3.321 8.545 4.907 9.807 5.845 11.421 7.135 13.387
+ 8.777 5.005 10.771 6.675 12.117 7.697 13.815 9.071
+ 14.865 10.797 16.267 5.675 1.121 7.105 2.227 7.887
+ 4.685 10.021 5.495 11.507 7.657 12.345 9.171 4.835
+ 10.037 6.377 11.255 7.271 12.825 9.517 14.747 10.115
+ 16.021 12.065 7.947 6.167 2.725 7.821 4.055 9.827
